15 14 29 11.277606
19 9 45 12.364340
21 242 13 27.880352
23 245 32 12.177451
25 242 3 40.981284
28 251 3 355.512201
30 12 2 100.213571
32 27 23 24.020678
37 32 3 309.059745
44 43 35 15.363485
50 29 16 18.880506
51 24 41 10.864992
52 9 36 16.479048
66 24 3 63.312253
67 27 11 42.957893
69 64 45 13.916283
71 35 18 24.450776
73 53 10 41.847067
75 67 12 69.749249
77 34 4 27.755926
79 240 2 80.207275
80 38 2 95.768449
81 20 18 22.953356
85 8 15 24.353050
90 253 23 13.500629
93 55 1 42.154024
94 105 9 48.083917
95 60 4 42.533209
96 13 10 49.699472
98 28 1 441.928290
103 35 14 28.730956
104 43 35 18.314949
105 16 14 21.987571
106 95 2 169.245238
107 243 22 22.582209
109 17 2 96.346444
110 247 17 36.464258
112 101 1 78.059896
113 153 28 15.989109
114 50 9 39.535126
117 245 2 62.081158
118 179 7 35.443991
119 247 10 32.600998
121 85 10 38.947861
122 83 38 12.138986
123 105 16 26.315955
127 249 27 15.101544
129 84 2 62.547301
130 249 28 17.451198
132 241 1 102.347461
133 213 16 17.883198
135 8 3 42.232544
139 253 5 21.822392
141 105 19 26.653951
146 137 37 15.629963
151 109 2 133.136401
154 243 20 29.728675
156 99 7 76.553057
157 34 4 46.364769
163 243 8 54.432237
164 105 6 58.034496
165 107 6 66.061512
167 240 1 251.455238
170 121 7 47.835200
171 149 32 20.460589
174 83 24 18.279931
175 249 1 63.361712
181 164 2 143.062327
182 168 8 24.482508
183 42 1 287.817009
184 117 19 16.972442
189 7 5 101.317825
193 156 9 55.883368
194 179 2 81.712069
202 87 3 64.899135
203 202 22 27.115091
206 162 10 28.873569
208 137 8 27.998230
209 171 1 673.909645
211 207 9 38.100706
218 29 1 377.115659
222 199 4 39.682990
223 149 29 22.503058
225 117 15 20.530066
226 211 14 30.031467
229 70 18 16.301629
230 209 2 251.186685
231 154 2 149.773593
232 59 1 96.383305
235 10 6 43.470006
236 252 21 21.871712
237 119 20 38.653632
238 82 23 17.927180
240 192 4 67.326660
241 102 4 53.554717
244 77 14 22.141301
246 61 1 133.683857
247 37 14 40.957996
251 174 12 35.612691
255 37 5 244.569636
221 180 5 33.129396
239 196 31 19.311476
214 173 28 14.171785
152 26 4 39.070231
134 198 8 44.110620
194 38 6 33.770635
185 129 9 43.851207
254 100 22 32.458524
240 22 5 46.219271
42 63 4 65.025935
236 99 1 243.099247
94 181 1 610.366262
226 118 2 72.050489
60 87 1 128.171371
69 167 29 23.820377
61 148 2 73.505928
246 61 1 133.683857
200 234 21 28.176451
143 41 6 48.667637
189 156 7 90.121455
7 93 16 25.424842
103 92 5 40.707522
132 208 21 36.000990
183 42 1 287.817009
74 183 2 205.347839
36 200 13 54.060691
65 197 5 39.990894
155 65 1 342.449977
243 155 8 43.181090
163 96 12 42.844424
154 95 18 32.372151
165 203 5 73.344753
174 68 26 17.878532
251 207 19 22.539211
122 251 3 320.822547
85 213 3 39.149919
121 84 2 92.892536
170 115 22 15.327108
150 64 2 47.237290
10 117 9 33.199555
235 204 30 11.181615
63 161 28 18.231423
193 36 7 107.177278
181 136 6 55.007671
223 160 36 17.226157
171 47 22 34.427099
209 223 6 168.921091
230 215 45 13.324207
225 39 14 21.459609
184 206 4 85.318428
23 220 27 13.728639
137 120 1 117.872268
146 149 35 17.524798
203 243 6 64.470372
102 47 1 82.970767
119 239 6 34.533252
237 149 33 20.026777
110 254 18 31.771587
206 10 6 39.783677
147 116 2 44.291798
249 172 2 60.257869
130 194 15 28.262672
127 174 14 27.133024
81 207 16 26.499689
98 174 12 39.371001
229 227 8 33.888065
109 202 9 44.509568
151 109 2 133.136401
90 135 19 14.773026
104 52 17 52.041850
44 241 18 40.889163
34 39 9 31.333771
157 229 3 47.923227
244 114 1 136.687989
51 154 2 117.563862
27 160 1 63.281022
67 43 21 27.036954
75 149 25 25.717430
32 67 14 54.489412
37 44 11 122.945356
255 32 2 318.404061
247 241 2 122.327219
50 246 10 25.915794
114 70 24 13.516405
30 128 5 49.464292
12 66 25 15.872358
129 135 20 22.170586
52 44 16 33.664936
15 70 18 16.780427
78 185 2 136.134169
136 185 2 121.925592
73 115 20 22.485131
256 84 14 21.556641
53 78 9 54.217258
48 196 21 22.999654
232 83 16 23.106762
249 175 1 63.361712
41 105 1 190.904599
168 139 16 20.670985
230 37 5 187.605264
231 95 15 38.474475
26 20 3 30.212013
55 93 8 42.154024
7 63 11 38.501285
181 143 3 88.175881
71 207 9 37.384269
103 194 1 143.329667
107 96 6 56.682471
171 215 45 12.846775
254 241 2 108.819155
63 252 14 39.520069
85 135 2 40.564284
203 107 16 34.756439
81 172 34 14.131198
251 92 26 17.702028
235 14 26 12.196774
194 179 2 81.712069
130 249 28 17.451198
240 101 7 36.638457
167 192 2 77.146665
69 119 20 41.298414
129 121 1 191.469187
62 14 17 18.677592
225 206 6 53.820244
183 145 19 26.555642
42 219 18 27.774064
74 183 2 205.347839
189 74 9 75.159370
236 55 13 47.055990
75 160 32 19.048714
146 79 25 29.234862
206 162 10 28.873569
128 66 8 28.728614
132 79 30 22.467947
23 158 28 13.599510
106 95 2 169.245238
178 95 2 112.785070
109 17 2 96.346444
151 72 12 44.087940
165 107 6 66.061512
247 79 26 30.050400
52 43 21 28.260640
37 146 14 86.025774
184 77 18 17.195806
154 202 21 26.369063
51 154 2 117.563862
174 232 1 87.508751
98 174 12 39.371001
73 54 26 16.140164
170 97 27 13.380554
229 77 7 35.548813
200 252 7 49.074848
36 156 4 85.263475
193 99 2 206.971788
28 71 8 48.945830
15 227 8 36.024885
114 23 3 78.180986
67 9 36 16.461363
255 150 34 17.357952
12 57 23 18.125020
244 235 5 60.105920
96 202 17 35.454671
163 243 8 54.432237
121 213 22 19.524314
104 215 42 14.536722
14 220 1 45.273237
81 226 9 43.191937
181 73 4 61.601484
73 84 12 32.351962
251 71 7 56.760433
69 102 25 31.790196
174 68 26 17.878532
98 174 12 39.371001
249 172 2 60.257869
130 152 16 27.620738
179 38 5 36.518993
226 26 24 20.206705
159 33 1 191.230601
238 30 1 232.781180
240 79 2 80.207275
110 67 13 58.960759
121 133 7 42.130415
27 64 2 50.162335
223 102 17 50.280296
209 101 41 14.057126
104 27 28 24.454421
171 208 30 21.204610
30 128 5 49.464292
243 57 19 28.057019
163 30 4 92.780121
71 92 16 25.724931
28 81 5 105.890972
236 169 17 24.528219
103 194 1 143.329667
79 167 4 69.645978
247 254 1 246.880125
132 101 33 18.783000
37 215 44 13.339069
183 63 4 76.112252
189 55 13 56.250606
7 140 6 105.566205
85 213 3 39.149919
75 149 25 25.717430
19 119 21 33.966370
162 205 1 88.541021
34 10 1 92.019052
156 74 1 339.644090
36 234 22 23.637563
193 36 7 107.177278
164 115 20 18.615994
237 113 5 123.310625
10 62 2 91.842942
225 39 14 21.459609
51 231 4 74.596209
241 101 30 23.004904
230 75 14 84.148288
206 158 21 15.767579
229 29 17 18.345425
184 162 14 21.572856
151 13 11 45.674441
255 32 2 318.404061
15 77 12 25.522728
109 72 6 65.915903
52 160 22 26.681165
23 162 14 22.349099
114 15 4 69.488221
166 70 1 81.429128
29 166 2 73.034199
107 231 1 251.994071
165 51 1 138.133007
203 109 4 69.383003
185 85 14 34.429790
136 143 14 33.875049
53 123 3 137.139630
67 43 21 27.036954
235 77 9 35.054302
244 114 1 136.687989
170 78 8 42.690186
237 146 4 140.275030
211 207 9 38.100706
71 179 14 29.830863
112 101 1 78.059896
167 240 1 251.455238
119 111 7 33.989277
19 52 16 46.017309
181 143 3 88.175881
85 135 2 40.564284
108 252 5 59.820551
236 99 1 243.099247
152 26 4 39.070231
103 92 5 40.707522
55 93 8 42.154024
37 75 10 152.591565
251 71 7 56.760433
122 28 1 3287.906257
189 156 7 90.121455
59 248 5 35.161906
134 175 26 14.939996
243 155 8 43.181090
223 75 6 180.041694
69 48 21 36.558725
140 45 1 135.918082
42 145 17 29.254862
240 192 4 67.326660
146 240 27 26.924498
74 219 21 23.601313
156 74 1 339.644090
25 198 1 182.714164
21 25 9 36.160287
135 213 1 121.854032
52 27 8 46.131638
225 10 7 53.797674
252 169 1 134.036863
200 234 21 28.176451
63 252 14 39.520069
183 42 1 287.817009
99 144 17 25.528228
94 164 2 155.964500
53 85 20 23.012858
149 9 2 28.344651
75 67 12 69.749249
230 237 12 99.841998
34 10 1 92.019052
171 37 4 290.962226
62 14 17 18.677592
157 117 16 17.988061
202 40 10 33.940228
151 214 4 69.018526
254 167 10 42.425795
247 254 1 246.880125
44 171 3 212.909897
205 224 2 37.167267
23 206 2 92.986742
184 205 16 20.997006
178 13 5 40.149277
106 178 1 270.857351
107 106 7 44.198409
165 243 14 34.310918
174 232 1 87.508751
98 174 12 39.371001
77 218 14 16.705617
235 157 1 68.442089
114 23 3 78.180986
244 235 5 60.105920
203 243 6 64.470372
104 119 21 33.753511
36 108 17 32.559793
193 36 7 107.177278
226 175 15 29.908374
130 211 9 47.647830
255 233 46 12.639721
206 205 12 27.851243
30 222 6 45.854021
129 85 3 48.893590
229 204 20 14.228885
96 109 5 75.484468
182 250 10 20.822883
110 104 5 155.243872
14 220 1 45.273237
10 39 7 35.700252
69 237 1 239.261919
185 78 1 136.134169
51 214 5 70.539272
200 108 3 79.883100
255 110 7 220.632707
136 170 11 41.185115
28 18 20 22.868456
240 79 2 80.207275
146 247 12 78.180986
241 208 7 43.729991
132 241 1 102.347461
72 173 18 25.071183
109 72 6 65.915903
151 109 2 133.136401
27 160 1 63.281022
52 27 8 46.131638
243 57 19 28.057019
203 151 1 144.892720
165 163 3 92.817976
211 207 9 38.100706
130 152 16 27.620738
57 65 3 49.665554
137 142 2 52.746012
251 103 13 31.323200
74 36 6 68.154200
237 22 31 21.165809
167 192 2 77.146665
254 101 31 21.011387
247 254 1 246.880125
230 215 45 13.324207
42 219 18 27.774064
183 42 1 287.817009
189 55 13 56.250606
229 77 7 35.548813
93 145 2 40.864396
98 11 29 16.078303
85 135 2 40.564284
129 85 3 48.893590
206 158 21 15.767579
184 246 20 16.339757
36 31 20 30.982256
193 126 4 170.980473
223 149 29 22.503058
37 223 1 1000.827516
171 102 15 58.842749
157 210 18 17.004142
235 157 1 68.442089
244 225 2 128.311220
39 117 4 27.938702
10 62 2 91.842942
106 95 2 169.245238
107 231 1 251.994071
154 197 28 18.237784
104 150 34 18.611084
15 227 8 36.024885
226 152 10 41.852231
134 25 6 46.028376
67 150 20 27.687310
75 64 35 17.658568
32 75 4 202.579213
23 246 17 18.481413
114 70 24 13.516405
121 8 30 14.983974
84 250 27 13.805383
73 97 25 18.530436
133 250 12 20.113552
170 256 15 27.586636
62 39 2 49.505586
225 62 9 37.879605
249 175 1 63.361712
237 19 2 230.658188
103 172 23 21.992029
251 71 7 56.760433
7 93 16 25.424842
181 41 5 57.429871
164 256 9 40.448486
94 181 1 610.366262
63 169 11 43.776387
154 214 1 176.351762
98 174 12 39.371001
157 210 18 17.004142
235 15 8 39.865721
254 240 15 36.301044
247 254 1 246.880125
209 52 20 37.747881
174 59 2 45.865943
130 249 28 17.451198
178 13 5 40.149277
106 178 1 270.857351
107 154 2 93.940008
73 164 6 59.845920
194 172 15 25.205529
122 232 16 25.574249
129 182 11 33.214084
230 37 5 187.605264
193 63 11 43.665257
171 52 20 39.987724
109 197 23 25.396778
151 109 2 133.136401
203 151 1 144.892720
167 240 1 251.455238
42 228 16 29.974697
19 215 39 14.576061
69 113 2 161.645681
79 22 5 53.271680
240 192 4 67.326660
146 240 27 26.924498
23 205 16 21.731656
184 23 1 141.003877
28 11 30 15.513875
99 156 8 76.553057
121 182 9 39.324476
53 78 9 54.217258
223 43 34 17.871015
37 223 1 1000.827516
252 169 1 134.036863
236 144 19 23.102227
67 43 21 27.036954
104 119 21 33.753511
44 247 16 61.419168
62 14 17 18.677592
225 34 4 62.213643
57 216 1 57.441998
137 120 1 117.872268
132 247 3 89.043841
162 205 1 88.541021
13 95 2 62.341703
110 150 26 18.840175
255 110 7 220.632707
114 246 18 16.549394
75 150 30 20.188366
32 104 8 106.246559
50 246 10 25.915794
15 70 18 16.780427
206 220 20 15.941425
165 51 1 138.133007
229 227 8 33.888065
182 250 10 20.822883
27 64 2 50.162335
52 27 8 46.131638
34 39 9 31.333771
244 77 14 22.141301
69 241 19 41.814827
79 22 5 53.271680
103 179 3 52.042629
130 226 6 81.227565
140 236 4 76.146421
45 147 17 21.938970
127 194 17 22.563360
226 118 2 72.050489
36 31 20 30.982256
81 174 11 36.726756
211 18 31 15.465012
71 18 31 15.586252
135 8 3 42.232544
100 101 1 59.578097
146 237 2 140.275030
42 200 14 33.071792
98 11 29 16.078303
13 87 3 59.663741
157 77 1 69.155139
109 72 6 65.915903
151 155 18 32.866906
203 109 4 69.383003
141 94 8 59.805340
28 18 20 22.868456
55 186 19 21.521504
189 156 7 90.121455
229 157 4 47.923227
193 36 7 107.177278
59 83 6 30.393166
232 59 1 96.383305
122 226 10 44.040890
251 81 4 150.810621
183 63 4 76.112252
237 119 20 38.653632
247 241 2 122.327219
167 192 2 77.146665
132 102 4 72.643200
114 225 5 66.183604
7 45 4 123.331315
56 83 3 44.104755
174 232 1 87.508751
236 55 13 47.055990
230 209 2 251.186685
162 220 8 20.851806
23 229 9 31.612159
184 229 10 33.307373
200 144 2 85.718513
150 43 1 119.529629
75 160 32 19.048714
255 75 9 123.808282
34 210 22 13.386977
65 197 5 39.990894
155 65 1 342.449977
30 128 5 49.464292
208 100 4 33.761587
206 158 21 15.767579
104 9 47 12.761270
15 227 8 36.024885
52 27 8 46.131638
235 204 30 11.181615
202 87 3 64.899135
67 64 26 23.140710
223 110 2 497.590549
37 149 29 22.008216
163 199 27 17.912300
164 41 4 64.578382
73 97 25 18.530436
170 133 14 28.457945
77 218 14 16.705617
244 70 28 12.300108
154 106 14 39.526267
107 231 1 251.994071
51 107 3 92.056194
165 30 11 51.037899
121 135 21 19.869821
129 135 20 22.170586
185 85 14 34.429790
53 123 3 137.139630
171 32 7 197.864105
209 69 14 63.882607
14 220 1 45.273237
62 39 2 49.505586
225 62 9 37.879605
131 115 2 48.195587
127 130 2 111.890854
203 155 19 34.026644
130 21 13 32.085439
122 98 2 439.560730
185 84 13 35.086891
19 22 31 19.678801
134 226 13 29.851665
251 103 13 31.323200
247 44 7 61.419168
69 247 15 63.531730
209 255 3 294.361034
98 174 12 39.371001
243 222 1 75.658491
137 142 2 52.746012
102 137 25 25.055339
132 102 4 72.643200
50 162 8 28.013793
15 50 10 33.748668
252 108 4 59.820551
77 227 5 26.910844
7 93 16 25.424842
103 194 1 143.329667
235 77 9 35.054302
109 17 2 96.346444
151 214 4 69.018526
156 183 2 196.070542
74 195 30 15.400123
189 45 6 99.112437
37 75 10 152.591565
44 47 19 36.155952
146 240 27 26.924498
61 148 2 73.505928
246 61 1 133.683857
236 189 2 231.785681
174 248 20 19.903453
200 195 17 31.184216
140 99 5 64.598543
135 213 1 121.854032
129 84 2 62.547301
121 190 15 27.090000
104 67 16 56.773688
108 144 2 124.910732
42 55 6 52.588996
164 181 3 143.062327
141 256 17 29.079434
53 141 4 128.638724
52 150 20 28.971972
223 52 18 48.610637
225 206 6 53.820244
106 95 2 169.245238
154 107 5 93.940008
237 9 49 11.735275
171 223 5 225.426006
244 114 1 136.687989
107 13 12 36.387159
51 107 3 92.056194
206 224 18 17.975731
165 151 10 52.909754
10 34 1 92.019052
229 70 18 16.301629
184 206 4 85.318428
23 158 28 13.599510
96 197 28 21.864318
136 41 10 41.245303
78 41 11 39.838710
75 9 44 13.483602
255 110 7 220.632707
230 255 3 249.675654
114 235 6 54.213092
36 252 21 25.723627
193 36 7 107.177278
71 179 14 29.830863
211 207 9 38.100706
28 11 30 15.513875
241 69 8 41.814827
211 18 31 15.465012
27 160 1 63.281022
69 113 2 161.645681
247 132 3 89.043841
19 215 39 14.576061
103 92 5 40.707522
85 129 1 48.893590
130 103 12 35.204529
151 13 11 45.674441
203 214 7 64.408625
28 207 22 21.195436
122 28 1 3287.906257
149 9 2 28.344651
63 252 14 39.520069
183 228 18 27.147428
221 8 1 149.115319
121 84 2 92.892536
189 55 13 56.250606
236 74 10 56.755650
71 211 1 1988.127655
251 81 4 150.810621
157 218 21 13.455265
10 34 1 92.019052
146 119 23 31.643349
174 232 1 87.508751
81 71 6 91.016045
42 228 16 29.974697
59 248 5 35.161906
98 11 29 16.078303
75 27 24 27.252072
237 119 20 38.653632
193 99 2 206.971788
67 64 26 23.140710
255 146 10 99.001459
230 149 32 19.697479
132 241 1 102.347461
206 158 21 15.767579
107 106 7 44.198409
51 197 28 15.788500
229 218 15 18.707800
231 197 29 16.832067
154 231 2 149.773593
134 25 6 46.028376
243 57 19 28.057019
104 110 5 155.243872
235 77 9 35.054302
114 15 4 69.488221
200 177 1 98.457156
74 63 10 55.530027
109 72 6 65.915903
52 150 20 28.971972
223 67 16 52.714486
171 149 32 20.460589
23 148 25 14.051807
225 62 9 37.879605
53 123 3 137.139630
96 197 28 21.864318
165 163 3 92.817976
129 221 25 18.245186
185 135 23 18.731838
37 149 29 22.008216
209 43 37 16.161236
205 224 2 37.167267
15 70 18 16.780427
244 235 5 60.105920
131 115 2 48.195587
241 102 4 53.554717
28 226 10 44.017263
122 81 5 102.587034
194 179 2 81.712069
103 71 8 34.857049
130 20 14 30.557456
232 59 1 96.383305
211 207 9 38.100706
71 211 1 1988.127655
81 172 34 14.131198
190 221 1 43.256786
107 238 16 32.857113
73 256 2 64.602032
185 85 14 34.429790
19 75 7 148.951530
243 222 1 75.658491
189 234 25 17.990090
174 11 16 25.259850
96 214 1 227.460799
231 95 15 38.474475
51 231 4 74.596209
98 25 13 28.750845
109 17 2 96.346444
251 127 5 113.952586
34 162 19 14.432562
74 55 8 61.029236
129 121 1 191.469187
37 19 9 157.180530
171 43 38 16.558326
230 215 45 13.324207
229 227 8 33.888065
157 77 1 69.155139
36 31 20 30.982256
52 43 21 28.260640
104 52 17 52.041850
62 162 15 21.038327
225 229 10 36.035924
151 72 12 44.087940
146 240 27 26.924498
255 110 7 220.632707
32 149 25 22.820382
15 218 15 19.341120
42 200 14 33.071792
183 63 4 76.112252
165 30 11 51.037899
67 150 20 27.687310
223 110 2 497.590549
236 183 12 48.755105
235 210 18 14.704556
244 34 8 44.487402
184 205 16 20.997006
206 205 12 27.851243
23 158 28 13.599510
203 13 17 34.727358
121 190 15 27.090000
85 135 2 40.564284
27 64 2 50.162335
75 67 12 69.749249
162 205 1 88.541021
114 23 3 78.180986
132 237 10 54.573702
79 22 5 53.271680
69 79 22 36.202329
71 232 13 30.354201
85 129 1 48.893590
230 37 5 187.605264
51 154 2 117.563862
235 34 4 52.353480
36 74 10 68.154200
98 174 12 39.371001
7 45 4 123.331315
55 93 8 42.154024
10 62 2 91.842942
183 145 19 26.555642
236 189 2 231.785681
190 180 2 40.464471
121 84 2 92.892536
15 70 18 16.780427
42 145 17 29.254862
75 160 32 19.048714
255 233 46 12.639721
107 231 1 251.994071
205 224 2 37.167267
162 205 1 88.541021
206 158 21 15.767579
184 157 13 22.605286
106 95 2 169.245238
178 95 2 112.785070
202 87 3 64.899135
13 202 1 123.699754
203 151 1 144.892720
237 120 47 13.190201
29 218 1 377.115659
166 29 2 73.034199
193 31 20 24.047596
118 25 25 16.118664
226 118 2 72.050489
28 88 33 13.889438
155 57 3 45.947497
65 57 3 49.665554
243 155 8 43.181090
163 243 8 54.432237
227 70 10 21.148046
229 166 19 15.166009
225 157 12 26.753800
189 63 11 60.181949
130 249 28 17.451198
251 71 7 56.760433
109 72 6 65.915903
52 27 8 46.131638
104 52 17 52.041850
171 223 5 225.426006
23 148 25 14.051807
30 222 6 45.854021
165 51 1 138.133007
73 97 25 18.530436
96 13 10 49.699472
129 221 25 18.245186
185 135 23 18.731838
19 215 39 14.576061
37 43 34 17.557504
244 77 14 22.141301
131 115 2 48.195587
81 127 8 82.999046
236 200 15 30.501967
175 26 3 42.864517
28 172 36 12.467416
69 119 20 41.298414
103 172 23 21.992029
185 85 14 34.429790
19 75 7 148.951530
132 241 1 102.347461
15 114 2 69.488221
34 62 5 45.965456
225 14 20 16.885641
184 225 2 97.943281
193 234 24 19.374887
25 198 1 182.714164
202 40 10 33.940228
96 197 28 21.864318
237 215 40 14.907741
154 107 5 93.940008
51 238 11 44.371867
165 128 18 25.119388
11 68 1 52.255367
174 11 16 25.259850
98 226 11 40.030151
163 128 14 34.439873
252 144 2 100.229169
156 74 1 339.644090
190 221 1 43.256786
255 223 6 243.304620
205 224 2 37.167267
7 189 7 101.317825
109 197 23 25.396778
151 30 21 30.916406
203 96 2 89.851222
247 119 24 32.600998
254 79 21 32.882067
167 47 36 15.751739
146 167 30 25.620312
42 186 25 22.866900
183 42 1 287.817009
74 200 15 30.425614
36 195 23 19.895771
71 211 1 1988.127655
251 71 7 56.760433
189 156 7 90.121455
129 121 1 191.469187
32 149 25 22.820382
166 70 1 81.429128
229 77 7 35.548813
228 186 2 71.988005
53 141 4 128.638724
67 9 36 16.461363
223 67 16 52.714486
171 223 5 225.426006
137 120 1 117.872268
70 29 2 38.501768
107 13 12 36.387159
30 238 1 232.781180
52 43 21 28.260640
104 75 2 182.604399
114 206 8 43.665041
244 235 5 60.105920
37 27 28 23.122510
206 162 10 28.873569
23 158 28 13.599510
121 190 15 27.090000
85 135 2 40.564284
75 150 30 20.188366
230 69 13 85.670641
235 15 8 39.865721
98 232 15 27.154113
79 240 2 80.207275
254 47 30 25.053560
174 232 1 87.508751
122 226 10 44.040890
225 34 4 62.213643
184 50 11 33.119761
140 99 5 64.598543
175 26 3 42.864517
130 21 13 32.085439
13 60 10 40.712215
107 151 13 36.055993
85 129 1 48.893590
237 19 2 230.658188
69 113 2 161.645681
230 255 3 249.675654
193 99 2 206.971788
81 88 30 15.986321
42 145 17 29.254862
183 234 27 19.190775
211 127 8 42.483788
71 127 8 43.411435
251 211 8 55.184920
109 222 12 38.987674
96 151 3 99.083462
203 72 20 33.802515
44 247 16 61.419168
206 158 21 15.767579
36 169 19 31.760876
243 13 21 26.862890
146 132 8 89.325661
205 224 2 37.167267
50 227 5 31.593758
189 63 11 60.181949
63 234 23 25.660843
121 84 2 92.892536
67 150 20 27.687310
223 52 18 48.610637
171 44 6 212.909897
29 166 2 73.034199
200 169 4 76.996823
74 42 3 157.091642
236 156 9 64.890959
78 190 20 23.824242
75 52 15 55.209969
255 233 46 12.639721
30 57 23 18.702791
51 197 28 15.788500
102 47 1 82.970767
166 70 1 81.429128
227 166 5 27.451402
231 238 17 35.215260
154 197 28 18.237784
199 57 2 52.102556
151 72 12 44.087940
37 146 14 86.025774
235 210 18 14.704556
157 210 18 17.004142
229 204 20 14.228885
15 229 1 90.494216
202 60 4 60.684906
17 109 1 96.346444
52 150 20 28.971972
23 162 14 22.349099
114 15 4 69.488221
165 51 1 138.133007
53 123 3 137.139630
129 135 20 22.170586
19 215 39 14.576061
244 235 5 60.105920
103 172 23 21.992029
28 207 22 21.195436
255 233 46 12.639721
240 167 1 251.455238
137 120 1 117.872268
69 79 22 36.202329
81 103 10 39.534464
141 123 1 789.243175
168 139 16 20.670985
227 29 1 39.999059
129 121 1 191.469187
19 104 1 397.511774
179 88 2 55.419855
194 179 2 81.712069
60 58 8 29.820523
13 60 10 40.712215
202 60 4 60.684906
73 256 2 64.602032
75 67 12 69.749249
206 158 21 15.767579
151 13 11 45.674441
51 107 3 92.056194
165 51 1 138.133007
23 148 25 14.051807
212 147 1 153.899242
130 38 30 16.640960
30 128 5 49.464292
254 79 21 32.882067
184 162 14 21.572856
42 228 16 29.974697
74 42 3 157.091642
236 55 13 47.055990
174 11 16 25.259850
98 174 12 39.371001
189 156 7 90.121455
7 93 16 25.424842
221 180 5 33.129396
190 221 1 43.256786
78 135 22 18.054569
244 225 2 128.311220
52 43 21 28.260640
230 255 3 249.675654
231 106 7 49.794171
241 254 2 108.819155
146 240 27 26.924498
37 110 2 332.352048
193 177 16 26.554222
140 212 19 22.568009
247 241 2 122.327219
44 132 12 68.093360
171 37 4 290.962226
222 199 4 39.682990
109 197 23 25.396778
96 109 5 75.484468
107 231 1 251.994071
63 177 13 39.975262
183 145 19 26.555642
71 232 13 30.354201
251 71 7 56.760433
229 77 7 35.548813
15 70 18 16.780427
114 15 4 69.488221
163 243 8 54.432237
121 8 30 14.983974
85 8 15 24.353050
104 27 28 24.454421
237 119 20 38.653632
34 210 22 13.386977
225 206 6 53.820244
200 217 27 19.990066
36 234 22 23.637563
55 74 1 61.029236
103 194 1 143.329667
130 127 1 111.890854
207 35 1 70.674981
135 8 3 42.232544
78 185 2 136.134169
11 68 1 52.255367
98 11 29 16.078303
254 132 3 70.941424
247 254 1 246.880125
69 119 20 41.298414
7 200 15 29.723379
178 87 3 55.786164
106 178 1 270.857351
107 106 7 44.198409
50 246 10 25.915794
157 210 18 17.004142
109 17 2 96.346444
154 214 1 176.351762
162 205 1 88.541021
184 162 14 21.572856
12 163 1 702.701225
102 241 7 53.554717
243 222 1 75.658491
163 30 4 92.780121
167 79 3 69.645978
240 79 2 80.207275
146 237 2 140.275030
183 42 1 287.817009
189 55 13 56.250606
232 59 1 96.383305
71 207 9 37.384269
251 211 8 55.184920
15 227 8 36.024885
114 23 3 78.180986
85 213 3 39.149919
121 84 2 92.892536
34 10 1 92.019052
63 169 11 43.776387
193 31 20 24.047596
53 78 9 54.217258
67 160 23 25.587793
75 67 12 69.749249
37 19 9 157.180530
171 146 9 122.136645
166 29 2 73.034199
42 145 17 29.254862
237 215 40 14.907741
165 163 3 92.817976
170 97 27 13.380554
206 224 18 17.975731
225 14 20 16.885641
211 56 27 17.497507
151 72 12 44.087940
52 27 8 46.131638
223 171 5 225.426006
77 227 5 26.910844
229 70 18 16.301629
73 131 21 21.367070
255 110 7 220.632707
230 237 12 99.841998
23 158 28 13.599510
129 135 20 22.170586
244 114 1 136.687989
236 99 1 243.099247
122 211 9 47.085678
81 118 15 27.003945
226 152 10 41.852231
132 137 34 18.629757
71 56 27 17.652869
95 13 3 62.341703
73 256 2 64.602032
232 56 3 42.187604
174 207 27 17.642054
243 155 8 43.181090
63 234 23 25.660843
85 135 2 40.564284
237 69 1 239.261919
230 233 49 12.037652
130 118 11 38.182151
251 81 4 150.810621
249 172 2 60.257869
103 92 5 40.707522
151 107 15 36.055993
203 151 1 144.892720
205 224 2 37.167267
162 205 1 88.541021
184 218 24 14.085750
235 157 1 68.442089
96 109 5 75.484468
206 158 21 15.767579
193 177 16 26.554222
21 134 1 168.664806
98 59 21 21.185510
28 194 17 23.972201
231 197 29 16.832067
154 96 4 102.899723
79 192 7 36.602345
240 192 4 67.326660
102 47 1 82.970767
29 218 1 377.115659
229 29 17 18.345425
36 63 7 73.685633
122 103 13 28.537016
7 42 14 33.851597
129 121 1 191.469187
136 185 2 121.925592
255 233 46 12.639721
254 167 10 42.425795
247 241 2 122.327219
227 166 5 27.451402
15 77 12 25.522728
74 42 3 157.091642
69 113 2 161.645681
146 247 12 78.180986
171 43 38 16.558326
223 110 2 497.590549
225 34 4 62.213643
65 57 3 49.665554
155 65 1 342.449977
109 72 6 65.915903
51 95 20 25.382795
52 43 21 28.260640
104 52 17 52.041850
23 50 7 43.287325
30 222 6 45.854021
165 51 1 138.133007
139 253 5 21.822392
114 229 7 53.071335
244 225 2 128.311220
106 95 2 169.245238
84 133 5 44.018362
121 85 10 38.947861
185 213 25 18.424467
53 141 4 128.638724
67 150 20 27.687310
75 149 25 25.717430
19 237 2 230.658188
37 223 1 1000.827516
69 160 41 14.765484
170 78 8 42.690186
98 11 29 16.078303
103 179 3 52.042629
122 211 9 47.085678
174 11 16 25.259850
240 22 5 46.219271
79 22 5 53.271680
30 128 5 49.464292
28 92 26 16.862398
65 199 4 45.560020
109 243 4 74.667256
94 41 8 52.490954
75 67 12 69.749249
167 192 2 77.146665
241 208 7 43.729991
247 241 2 122.327219
146 19 9 87.227519
227 166 5 27.451402
42 183 1 287.817009
74 177 22 23.242978
7 200 15 29.723379
232 59 1 96.383305
71 207 9 37.384269
200 177 1 98.457156
135 213 1 121.854032
121 190 15 27.090000
157 77 1 69.155139
235 204 30 11.181615
193 36 7 107.177278
141 73 11 52.884380
53 141 4 128.638724
223 215 44 13.342853
37 223 1 1000.827516
132 254 5 70.941424
55 74 1 61.029236
183 74 2 205.347839
156 74 1 339.644090
189 55 13 56.250606
236 189 2 231.785681
237 113 5 123.310625
14 220 1 45.273237
206 162 10 28.873569
63 228 22 27.078977
36 31 20 30.982256
134 25 6 46.028376
15 227 8 36.024885
106 178 1 270.857351
51 154 2 117.563862
165 51 1 138.133007
52 150 20 28.971972
104 119 21 33.753511
171 104 10 110.506405
209 171 1 673.909645
229 157 4 47.923227
114 23 3 78.180986
184 206 4 85.318428
163 238 2 101.263486
255 110 7 220.632707
230 43 38 16.054960
50 29 16 18.880506
23 158 28 13.599510
178 95 2 112.785070
151 72 12 44.087940
203 151 1 144.892720
34 210 22 13.386977
225 23 5 57.796805
244 50 12 30.665540
252 228 3 81.257528
130 226 6 81.227565
81 103 10 39.534464
251 127 5 113.952586
113 137 33 12.894198
237 43 38 16.273055
38 207 4 48.499043
28 232 16 25.582223
223 110 2 497.590549
232 56 3 42.187604
12 65 19 22.286273
122 81 5 102.587034
34 10 1 92.019052
36 234 22 23.637563
79 167 4 69.645978
254 102 16 35.891113
159 66 3 100.513308
163 107 13 38.593376
140 236 4 76.146421
103 92 5 40.707522
247 254 1 246.880125
15 229 1 90.494216
181 41 5 57.429871
164 41 4 64.578382
206 158 21 15.767579
184 50 11 33.119761
42 183 1 287.817009
174 59 2 45.865943
98 174 12 39.371001
235 204 30 11.181615
228 186 2 71.988005
252 228 3 81.257528
200 169 4 76.996823
7 99 3 126.530498
19 196 43 13.362816
44 132 12 68.093360
14 220 1 45.273237
63 234 23 25.660843
183 126 7 58.322654
156 45 13 47.201677
74 126 5 70.152228
55 93 8 42.154024
189 45 6 99.112437
236 156 9 64.890959
52 43 21 28.260640
67 150 20 27.687310
75 149 25 25.717430
110 67 13 58.960759
255 233 46 12.639721
99 140 10 64.598543
104 215 42 14.536722
171 255 2 522.654369
209 223 6 168.921091
146 208 28 25.659444
222 33 17 24.636551
243 222 1 75.658491
109 72 6 65.915903
96 214 1 227.460799
154 178 16 34.874624
51 107 3 92.056194
165 51 1 138.133007
23 246 17 18.481413
225 34 4 62.213643
193 140 8 93.908627
21 134 1 168.664806
130 118 11 38.182151
251 81 4 150.810621
157 91 19 14.043391
229 227 8 33.888065
202 40 10 33.940228
230 119 25 27.865542
50 246 10 25.915794
244 114 1 136.687989
73 139 18 24.409583
141 168 3 114.394196
53 143 11 43.482061
114 184 2 89.438889
106 178 1 270.857351
107 106 7 44.198409
129 85 3 48.893590
170 256 15 27.586636
69 119 20 41.298414
62 39 2 49.505586
117 91 1 64.039154
10 62 2 91.842942
104 52 17 52.041850
37 64 39 15.826998
167 241 11 30.524914
79 22 5 53.271680
174 232 1 87.508751
98 11 29 16.078303
28 98 2 441.928290
71 127 8 43.411435
135 8 3 42.232544
132 208 21 36.000990
240 192 4 67.326660
93 145 2 40.864396
189 74 9 75.159370
156 144 19 24.737851
236 36 8 68.538510
251 71 7 56.760433
235 157 1 68.442089
146 240 27 26.924498
229 77 7 35.548813
231 107 1 251.994071
73 256 2 64.602032
53 78 9 54.217258
75 27 24 27.252072
162 205 1 88.541021
65 197 5 39.990894
102 132 2 72.643200
254 241 2 108.819155
247 119 24 32.600998
62 39 2 49.505586
10 62 2 91.842942
183 144 21 25.975135
85 213 3 39.149919
129 121 1 191.469187
193 31 20 24.047596
140 147 15 26.161836
223 110 2 497.590549
157 77 1 69.155139
222 199 4 39.682990
7 99 3 126.530498
69 79 22 36.202329
230 19 8 155.141468
206 10 6 39.783677
63 195 26 21.310024
36 74 10 68.154200
15 227 8 36.024885
13 87 3 59.663741
107 13 12 36.387159
154 214 1 176.351762
52 64 24 24.031314
237 69 1 239.261919
184 206 4 85.318428
114 23 3 78.180986
255 75 9 123.808282
171 255 2 522.654369
23 29 22 15.394659
244 235 5 60.105920
163 231 11 45.572963
34 117 11 29.390736
225 158 28 12.194877
200 234 21 28.176451
130 226 6 81.227565
59 56 2 65.279215
103 194 1 143.329667
211 118 23 21.196517
79 240 2 80.207275
69 247 15 63.531730
237 104 3 145.962639
100 101 1 59.578097
146 69 3 135.350738
222 33 17 24.636551
42 126 8 48.495604
63 200 3 67.300327
85 135 2 40.564284
243 199 22 26.697925
155 187 21 22.754000
109 13 10 41.958057
151 109 2 133.136401
203 65 21 32.239317
132 47 19 38.732140
166 29 2 73.034199
227 70 10 21.148046
15 162 20 15.307489
193 55 13 42.131475
98 174 12 39.371001
183 126 7 58.322654
156 74 1 339.644090
207 92 4 41.818797
96 151 3 99.083462
241 47 15 32.546861
254 241 2 108.819155
167 192 2 77.146665
67 52 1 264.858633
223 67 16 52.714486
10 117 9 33.199555
206 162 10 28.873569
184 206 4 85.318428
74 219 21 23.601313
36 169 19 31.760876
99 193 4 206.971788
189 193 3 147.096138
7 93 16 25.424842
164 139 22 17.337905
181 139 21 17.937345
75 150 30 20.188366
255 233 46 12.639721
171 255 2 522.654369
209 102 15 63.281022
117 39 5 27.938702
235 157 1 68.442089
244 15 7 46.068386
247 208 22 34.256610
52 27 8 46.131638
37 110 2 332.352048
225 14 20 16.885641
200 169 4 76.996823
236 36 8 68.538510
226 80 21 20.414473
130 118 11 38.182151
71 80 20 23.282892
251 98 3 230.862193
157 77 1 69.155139
163 17 17 25.343776
141 94 8 59.805340
104 52 17 52.041850
23 50 7 43.287325
30 222 6 45.854021
73 131 21 21.367070
50 246 10 25.915794
114 15 4 69.488221
107 231 1 251.994071
51 107 3 92.056194
165 51 1 138.133007
84 133 5 44.018362
121 190 15 27.090000
129 138 24 18.493039
53 123 3 137.139630
19 43 33 17.508273
230 22 34 17.463639
205 224 2 37.167267
230 215 45 13.324207
73 256 2 64.602032
71 127 8 43.411435
226 152 10 41.852231
72 155 1 70.927885
100 208 6 33.761587
209 146 9 120.984808
63 108 18 36.526930
235 34 4 52.353480
140 126 6 60.616090
81 207 16 26.499689
122 80 30 15.702313
157 77 1 69.155139
65 57 3 49.665554
203 151 1 144.892720
243 109 2 74.667256
241 100 10 37.475218
254 241 2 108.819155
28 103 13 28.786868
154 107 5 93.940008
155 58 10 33.383015
79 22 5 53.271680
74 183 2 205.347839
174 11 16 25.259850
98 174 12 39.371001
251 103 13 31.323200
189 156 7 90.121455
193 126 4 170.980473
75 67 12 69.749249
37 104 8 161.905323
117 91 1 64.039154
141 78 9 56.478300
53 141 4 128.638724
104 215 42 14.536722
10 62 2 91.842942
222 199 4 39.682990
30 128 5 49.464292
137 142 2 52.746012
146 240 27 26.924498
225 23 5 57.796805
163 222 16 32.650027
67 52 1 264.858633
223 67 16 52.714486
246 61 1 133.683857
229 166 19 15.166009
178 87 3 55.786164
106 178 1 270.857351
107 188 32 13.406487
51 107 3 92.056194
165 51 1 138.133007
237 69 1 239.261919
159 33 1 191.230601
255 75 9 123.808282
171 37 4 290.962226
23 224 23 15.211128
109 72 6 65.915903
151 155 18 32.866906
206 158 21 15.767579
184 246 20 16.339757
15 204 26 12.295585
114 50 9 39.535126
244 235 5 60.105920
36 234 22 23.637563
236 189 2 231.785681
130 226 6 81.227565
122 232 16 25.574249
159 66 3 100.513308
178 95 2 112.785070
106 178 1 270.857351
38 80 3 95.768449
103 118 2 55.578757
251 38 31 15.720188
107 106 7 44.198409
51 203 10 47.907313
165 203 5 73.344753
139 253 5 21.822392
181 41 5 57.429871
164 41 4 64.578382
23 205 16 21.731656
222 33 17 24.636551
163 238 2 101.263486
137 120 1 117.872268
47 102 1 82.970767
108 144 2 124.910732
63 200 3 67.300327
183 63 4 76.112252
236 99 1 243.099247
98 28 1 441.928290
96 188 33 15.623387
44 132 12 68.093360
65 199 4 45.560020
146 247 12 78.180986
206 205 12 27.851243
157 10 7 31.083376
10 117 9 33.199555
193 108 18 24.987265
27 64 2 50.162335
52 43 21 28.260640
67 150 20 27.687310
223 110 2 497.590549
171 233 47 12.341264
34 62 5 45.965456
235 157 1 68.442089
244 23 4 68.496592
69 79 22 36.202329
209 37 5 203.221025
197 188 2 52.928017
155 57 3 45.947497
151 13 11 45.674441
75 160 32 19.048714
255 233 46 12.639721
162 205 1 88.541021
114 15 4 69.488221
36 31 20 30.982256
71 38 22 21.741700
15 204 26 12.295585
231 58 25 19.245108
154 231 2 149.773593
19 237 2 230.658188
166 70 1 81.429128
229 204 20 14.228885
30 222 6 45.854021
184 10 8 34.724447
225 10 7 53.797674
243 65 9 38.345882
13 87 3 59.663741
203 243 6 64.470372
121 190 15 27.090000
129 138 24 18.493039
141 143 6 65.684546
53 141 4 128.638724
104 52 17 52.041850
230 209 2 251.186685
200 108 3 79.883100
79 240 2 80.207275
69 119 20 41.298414
13 202 1 123.699754
98 174 12 39.371001
96 17 7 62.045673
73 256 2 64.602032
141 136 7 64.501636
53 141 4 128.638724
149 9 2 28.344651
32 149 25 22.820382
36 183 8 73.183505
65 57 3 49.665554
243 216 30 18.849939
203 243 6 64.470372
132 247 3 89.043841
44 104 9 95.336225
166 29 2 73.034199
227 70 10 21.148046
189 234 25 17.990090
11 68 1 52.255367
174 11 16 25.259850
200 177 1 98.457156
193 126 4 170.980473
35 207 4 70.674981
251 127 5 113.952586
229 166 19 15.166009
15 77 12 25.522728
208 142 11 24.496021
241 208 7 43.729991
254 241 2 108.819155
247 254 1 246.880125
146 215 46 13.475619
57 216 1 57.441998
155 173 20 22.931557
167 22 7 39.042906
240 22 5 46.219271
74 156 1 339.644090
236 189 2 231.785681
85 221 8 29.106659
67 160 23 25.587793
110 132 16 38.717263
223 79 26 26.051669
62 158 24 13.102756
34 10 1 92.019052
157 77 1 69.155139
235 50 13 24.823508
140 99 5 64.598543
164 131 21 17.842995
75 150 30 20.188366
37 75 10 152.591565
230 37 5 187.605264
10 39 7 35.700252
225 10 7 53.797674
184 61 22 14.560120
30 128 5 49.464292
163 155 18 24.674631
7 193 2 162.827820
237 215 40 14.907741
19 67 15 49.678476
231 106 7 49.794171
154 107 5 93.940008
246 61 1 133.683857
50 246 10 25.915794
130 194 15 28.262672
107 40 24 18.764518
52 27 8 46.131638
104 52 17 52.041850
255 43 36 17.100078
171 132 16 51.592819
151 72 12 44.087940
51 107 3 92.056194
165 154 4 91.282083
162 205 1 88.541021
206 162 10 28.873569
23 34 10 31.262977
244 229 6 50.108898
63 74 8 55.530027
183 74 2 205.347839
103 194 1 143.329667
227 70 10 21.148046
167 240 1 251.455238
85 135 2 40.564284
98 71 8 45.559135
190 221 1 43.256786
241 100 10 37.475218
254 22 33 20.332058
247 119 24 32.600998
38 35 2 96.389889
71 211 1 1988.127655
109 17 2 96.346444
132 208 21 36.000990
171 233 47 12.341264
55 93 8 42.154024
122 174 12 36.134474
243 222 1 75.658491
203 96 2 89.851222
179 80 11 26.437637
194 92 4 37.997102
103 194 1 143.329667
130 226 6 81.227565
155 65 1 342.449977
163 243 8 54.432237
200 169 4 76.996823
65 57 3 49.665554
72 173 18 25.071183
151 109 2 133.136401
79 22 5 53.271680
223 241 23 29.771451
75 43 31 19.840379
230 69 13 85.670641
10 224 23 12.591721
225 10 7 53.797674
193 36 7 107.177278
7 219 28 15.256574
67 150 20 27.687310
34 39 9 31.333771
23 15 6 48.583860
62 117 9 25.194641
107 106 7 44.198409
52 160 22 26.681165
206 224 18 17.975731
114 62 13 24.091211
235 210 18 14.704556
189 55 13 56.250606
236 189 2 231.785681
134 25 6 46.028376
251 81 4 150.810621
15 205 21 15.015288
154 58 30 17.586824
165 203 5 73.344753
255 233 46 12.639721
166 70 1 81.429128
229 227 8 33.888065
244 184 3 76.986732
73 131 21 21.367070
50 205 9 27.050429
184 15 6 51.839203
202 58 6 43.667743
13 87 3 59.663741
96 202 17 35.454671
121 85 10 38.947861
129 138 24 18.493039
146 241 19 47.697113
36 234 22 23.637563
211 88 24 19.583491
81 71 6 91.016045
251 81 4 150.810621
79 192 7 36.602345
254 79 21 32.882067
235 29 24 12.846307
72 155 1 70.927885
102 132 2 72.643200
13 60 10 40.712215
132 47 19 38.732140
179 118 6 35.443991
98 232 15 27.154113
73 256 2 64.602032
12 65 19 22.286273
35 207 4 70.674981
38 80 3 95.768449
194 38 6 33.770635
103 118 2 55.578757
7 236 1 179.998520
211 92 16 26.062156
164 131 21 17.842995
174 232 1 87.508751
122 28 1 3287.906257
156 186 26 19.118278
42 186 25 22.866900
63 200 3 67.300327
240 192 4 67.326660
167 22 7 39.042906
100 101 1 59.578097
241 208 7 43.729991
146 237 2 140.275030
223 67 16 52.714486
155 65 1 342.449977
229 29 17 18.345425
140 183 12 29.723630
85 138 9 29.027992
67 43 21 27.036954
37 110 2 332.352048
34 210 22 13.386977
41 105 1 190.904599
181 41 5 57.429871
94 181 1 610.366262
52 160 22 26.681165
62 39 2 49.505586
114 246 18 16.549394
243 155 8 43.181090
163 13 21 23.009030
55 145 16 27.088397
189 99 1 356.656054
236 189 2 231.785681
247 254 1 246.880125
230 19 8 155.141468
14 220 1 45.273237
202 60 4 60.684906
96 13 10 49.699472
154 107 5 93.940008
51 72 19 25.553874
27 160 1 63.281022
50 246 10 25.915794
15 227 8 36.024885
184 117 19 16.972442
36 156 4 85.263475
226 211 14 30.031467
130 21 13 32.085439
157 77 1 69.155139
23 50 7 43.287325
95 58 20 21.308994
178 95 2 112.785070
106 178 1 270.857351
231 188 31 14.159811
107 214 4 75.495763
75 64 35 17.658568
128 222 1 53.111689
30 128 5 49.464292
255 75 9 123.808282
171 223 5 225.426006
244 235 5 60.105920
109 72 6 65.915903
151 109 2 133.136401
203 159 33 15.746958
165 106 15 27.826307
185 16 32 13.240918
53 170 2 200.792088
237 69 1 239.261919
206 205 12 27.851243
10 117 9 33.199555
225 10 7 53.797674
228 186 2 71.988005
252 228 3 81.257528
200 108 3 79.883100
193 234 24 19.374887
71 88 24 19.392471
107 17 11 36.848935
231 17 10 43.160227
226 20 8 43.490962
174 11 16 25.259850
98 174 12 39.371001
7 55 13 37.303855
237 215 40 14.907741
193 126 4 170.980473
63 252 14 39.520069
179 92 4 41.512236
103 194 1 143.329667
251 71 7 56.760433
34 10 1 92.019052
71 211 1 1988.127655
122 81 5 102.587034
202 58 6 43.667743
163 214 9 51.833491
183 42 1 287.817009
74 183 2 205.347839
130 226 6 81.227565
144 217 14 25.301244
200 169 4 76.996823
194 88 7 33.022734
109 72 6 65.915903
51 96 8 54.872050
240 22 5 46.219271
189 55 13 56.250606
236 193 3 189.297929
223 110 2 497.590549
171 233 47 12.341264
162 205 1 88.541021
42 219 18 27.774064
156 42 3 116.623040
36 234 22 23.637563
185 129 9 43.851207
104 52 17 52.041850
230 69 13 85.670641
225 206 6 53.820244
184 158 29 13.308123
222 199 4 39.682990
165 107 6 66.061512
154 106 14 39.526267
67 64 26 23.140710
29 166 2 73.034199
235 77 9 35.054302
244 114 1 136.687989
203 151 1 144.892720
53 141 4 128.638724
114 184 2 89.438889
121 135 21 19.869821
129 135 20 22.170586
141 16 30 12.682570
146 69 3 135.350738
240 192 4 67.326660
179 88 2 55.419855
71 232 13 30.354201
163 159 31 15.068230
38 207 4 48.499043
103 194 1 143.329667
146 237 2 140.275030
230 167 30 22.062581
42 183 1 287.817009
156 74 1 339.644090
122 80 30 15.702313
65 187 17 23.630034
243 222 1 75.658491
164 16 24 17.076033
251 71 7 56.760433
13 202 1 123.699754
51 238 11 44.371867
14 220 1 45.273237
105 16 14 21.987571
41 105 1 190.904599
94 164 2 155.964500
200 144 2 85.718513
151 109 2 133.136401
129 221 25 18.245186
121 129 1 191.469187
52 43 21 28.260640
104 52 17 52.041850
62 205 16 20.490298
74 145 19 24.662091
193 36 7 107.177278
236 99 1 243.099247
141 143 6 65.684546
75 27 24 27.252072
19 69 8 117.440646
205 224 2 37.167267
128 159 10 26.789050
15 218 15 19.341120
157 34 4 46.364769
235 157 1 68.442089
154 96 4 102.899723
67 150 20 27.687310
255 75 9 123.808282
225 39 14 21.459609
36 63 7 73.685633
226 118 2 72.050489
130 103 12 35.204529
109 243 4 74.667256
44 209 1 311.241023
229 77 7 35.548813
256 97 12 25.983554
73 131 21 21.367070
171 255 2 522.654369
50 246 10 25.915794
23 206 2 92.986742
244 15 7 46.068386
165 238 7 65.370572
78 190 20 23.824242
53 123 3 137.139630
237 104 3 145.962639
184 61 22 14.560120
114 15 4 69.488221
230 64 43 14.595660
256 115 4 32.729539
226 152 10 41.852231
155 65 1 342.449977
12 155 17 23.837598
73 256 2 64.602032
74 219 21 23.601313
140 200 16 25.989746
122 81 5 102.587034
193 126 4 170.980473
179 80 11 26.437637
194 179 2 81.712069
103 118 2 55.578757
130 226 6 81.227565
96 17 7 62.045673
189 74 9 75.159370
7 189 7 101.317825
129 135 20 22.170586
14 220 1 45.273237
222 33 17 24.636551
243 155 8 43.181090
109 17 2 96.346444
203 87 25 21.950842
240 22 5 46.219271
254 167 10 42.425795
247 254 1 246.880125
227 166 5 27.451402
200 177 1 98.457156
71 88 24 19.392471
251 71 7 56.760433
36 144 16 33.152299
99 55 13 48.587540
236 189 2 231.785681
75 149 25 25.717430
255 75 9 123.808282
171 233 47 12.341264
42 219 18 27.774064
126 63 10 58.641116
53 136 10 51.812557
149 9 2 28.344651
157 210 18 17.004142
235 157 1 68.442089
30 199 17 21.272951
238 30 1 232.781180
165 154 4 91.282083
51 154 2 117.563862
77 34 4 27.755926
229 15 1 90.494216
206 158 21 15.767579
23 61 19 16.236731
151 87 24 25.870088
52 27 8 46.131638
104 52 17 52.041850
237 69 1 239.261919
246 61 1 133.683857
15 227 8 36.024885
114 15 4 69.488221
244 77 14 22.141301
163 222 16 32.650027
184 162 14 21.572856
146 247 12 78.180986
183 156 3 196.070542
38 80 3 95.768449
211 88 24 19.583491
157 218 21 13.455265
235 204 30 11.181615
85 221 8 29.106659
67 64 26 23.140710
223 67 16 52.714486
37 215 44 13.339069
30 128 5 49.464292
237 79 25 31.444512
19 110 6 150.894653
240 192 4 67.326660
247 119 24 32.600998
146 69 3 135.350738
71 232 13 30.354201
251 71 7 56.760433
28 92 26 16.862398
151 109 2 133.136401
203 222 15 36.013479
154 106 14 39.526267
51 238 11 44.371867
165 30 11 51.037899
227 50 4 31.593758
15 70 18 16.780427
114 184 2 89.438889
78 185 2 136.134169
181 164 2 143.062327
98 211 9 44.538508
200 144 2 85.718513
243 222 1 75.658491
36 183 8 73.183505
70 166 1 81.429128
252 169 1 134.036863
63 252 14 39.520069
129 121 1 191.469187
52 43 21 28.260640
104 110 5 155.243872
225 206 6 53.820244
193 200 15 35.934946
164 190 27 14.420499
75 67 12 69.749249
255 233 46 12.639721
62 39 2 49.505586
244 225 2 128.311220
222 87 30 17.573684
163 30 4 92.780121
230 27 31 20.585348
130 21 13 32.085439
50 246 10 25.915794
229 77 7 35.548813
73 131 21 21.367070
171 223 5 225.426006
23 206 2 92.986742
109 72 6 65.915903
121 85 10 38.947861
53 123 3 137.139630
206 162 10 28.873569
42 145 17 29.254862
74 228 17 25.171682
189 74 9 75.159370
236 63 11 48.977454
7 55 13 37.303855
81 211 7 87.031750
183 219 22 25.329766
157 77 1 69.155139
235 218 22 13.022949
37 223 1 1000.827516
237 215 40 14.907741
19 237 2 230.658188
240 22 5 46.219271
167 192 2 77.146665
254 79 21 32.882067
247 240 23 32.880535
146 247 12 78.180986
175 249 1 63.361712
71 211 1 1988.127655
251 103 13 31.323200
28 172 36 12.467416
151 243 5 60.430233
203 155 19 34.026644
165 151 10 52.909754
29 218 1 377.115659
15 29 16 18.954048
114 50 9 39.535126
99 55 13 48.587540
174 232 1 87.508751
98 174 12 39.371001
200 252 7 49.074848
36 144 16 33.152299
140 45 1 135.918082
129 190 15 31.550251
27 160 1 63.281022
52 150 20 28.971972
225 206 6 53.820244
156 183 2 196.070542
193 234 24 19.374887
75 149 25 25.717430
255 110 7 220.632707
209 255 3 294.361034
62 205 16 20.490298
244 235 5 60.105920
222 33 17 24.636551
13 87 3 59.663741
230 171 1 358.528150
205 224 2 37.167267
184 206 4 85.318428
130 103 12 35.204529
229 70 18 16.301629
73 256 2 64.602032
171 52 20 39.987724
23 206 2 92.986742
109 17 2 96.346444
96 13 10 49.699472
121 135 21 19.869821
206 158 21 15.767579
42 228 16 29.974697
74 145 19 24.662091
189 74 9 75.159370
236 189 2 231.785681
7 236 1 179.998520
103 172 23 21.992029
81 207 16 26.499689
122 11 31 15.510942
