0 105600.000000 105600.000000 0 -1
1 264.260010 119029.000000 2 1
2 123554.000000 101349.000000 2 2
3 173784.000000 157683.000000 2 3
4 150058.000000 108459.000000 2 4
5 19304.300781 76972.296875 2 5
6 208776.000000 94130.203125 2 6
7 168.070007 118471.000000 1 1
8 94111.000000 71246.500000 1 2
9 157859.000000 112762.000000 1 3
10 159591.000000 99378.500000 1 4
11 53006.898438 88753.796875 1 5
12 207267.000000 89872.398438 1 6
13 197675.000000 111950.000000 1 6
14 196638.000000 107791.000000 1 4
15 140189.000000 113907.000000 1 4
16 78429.898438 118938.000000 1 2
17 192003.000000 103453.000000 1 6
18 18909.099609 106738.000000 1 5
19 169376.000000 158311.000000 1 3
20 1402.619995 64443.699219 1 5
21 3050.030029 77547.500000 1 5
22 168823.000000 193613.000000 1 3
23 151754.000000 116865.000000 1 4
24 192126.000000 51964.300781 1 6
25 8761.190430 91349.000000 1 5
26 2822.620117 42509.300781 1 5
27 147718.000000 149341.000000 1 3
28 19652.500000 76627.398438 1 5
29 113344.000000 124288.000000 1 4
30 207047.000000 83051.601563 1 6
31 13929.500000 138384.000000 1 1
32 172135.000000 154298.000000 1 3
33 193334.000000 52737.300781 1 6
34 154380.000000 96921.703125 1 4
35 47004.398438 60706.398438 1 5
36 9993.709961 119546.000000 1 1
37 171564.000000 156010.000000 1 3
38 45142.199219 55248.500000 1 5
39 171939.000000 91962.398438 1 4
40 175357.000000 107843.000000 1 6
41 111520.000000 121634.000000 1 2
42 11791.500000 109251.000000 1 1
43 154936.000000 132451.000000 1 3
44 175937.000000 157376.000000 1 3
45 2951.110107 121409.000000 1 1
46 146935.000000 95310.898438 1 6
47 190039.000000 151963.000000 1 3
48 172681.000000 180314.000000 1 3
49 1018.679993 60983.000000 1 1
50 146796.000000 128207.000000 1 4
51 210906.000000 98125.296875 1 6
52 157317.000000 155037.000000 1 3
53 122801.000000 102190.000000 1 2
54 151398.000000 134170.000000 1 2
55 4118.560059 103507.000000 1 1
56 27934.800781 110464.000000 1 5
57 172240.000000 85970.703125 1 6
58 177245.000000 110586.000000 1 6
59 29730.500000 101451.000000 1 5
60 189943.000000 121549.000000 1 6
61 149401.000000 157968.000000 1 4
62 166188.000000 100464.000000 1 4
63 15958.299805 115935.000000 1 1
64 142319.000000 140674.000000 1 3
65 179076.000000 93341.398438 1 6
66 201996.000000 50689.800781 1 6
67 159214.000000 154270.000000 1 3
68 63012.000000 92251.296875 1 5
69 170536.000000 163159.000000 1 3
70 101770.000000 117536.000000 1 4
71 30417.699219 72977.000000 1 5
72 184342.000000 99172.898438 1 6
73 127227.000000 114625.000000 1 2
74 8617.959961 110569.000000 1 1
75 169005.000000 153945.000000 1 3
76 92825.796875 71025.398438 1 2
77 129244.000000 97206.703125 1 4
78 111807.000000 104210.000000 1 2
79 170820.000000 182365.000000 1 3
80 47751.898438 60006.398438 1 5
81 23137.300781 73448.898438 1 5
82 208564.000000 45847.398438 1 6
83 37160.699219 117236.000000 1 5
84 126466.000000 93576.398438 1 2
85 113802.000000 80528.601563 1 2
86 51565.000000 110702.000000 1 1
87 194380.000000 120481.000000 1 6
88 32782.398438 38957.300781 1 5
89 109471.000000 61625.199219 1 2
90 123138.000000 101560.000000 1 2
91 164995.000000 72511.703125 1 4
92 41467.699219 56599.000000 1 5
93 139.940002 90747.398438 1 1
94 117067.000000 113739.000000 1 2
95 202963.000000 117980.000000 1 6
96 201039.000000 101117.000000 1 6
97 132082.000000 147847.000000 1 2
98 19915.000000 77961.500000 1 5
99 4710.459961 117437.000000 1 1
100 190515.000000 178882.000000 1 3
101 192671.000000 188569.000000 1 3
102 185036.000000 155464.000000 1 3
103 25344.099609 57808.398438 1 5
104 168554.000000 157358.000000 1 3
105 109056.000000 120402.000000 1 2
106 207048.000000 117896.000000 1 6
107 209860.000000 104744.000000 1 6
108 28646.099609 122564.000000 1 1
109 194341.000000 98467.601563 1 6
110 170596.000000 154855.000000 1 3
111 145100.000000 175567.000000 1 3
112 191404.000000 196341.000000 1 3
113 169740.000000 166728.000000 1 3
114 148015.000000 111579.000000 1 4
115 149593.000000 123639.000000 1 2
116 7159.259766 160774.000000 1 1
117 160056.000000 78590.703125 1 4
118 15821.900391 54635.398438 1 5
119 156906.000000 166614.000000 1 3
120 204954.000000 142915.000000 1 3
121 122309.000000 90137.703125 1 2
122 19540.900391 76730.398438 1 5
123 121541.000000 106075.000000 1 2
124 43529.800781 111265.000000 1 5
125 19576.900391 15376.400391 1 5
126 6482.069824 118491.000000 1 1
127 15490.299805 74303.000000 1 5
128 201290.000000 74544.101563 1 6
129 118816.000000 89945.601563 1 2
130 18215.000000 70721.703125 1 5
131 143094.000000 131780.000000 1 2
132 181767.000000 161908.000000 1 3
133 132341.000000 83422.101563 1 2
134 7163.580078 77617.296875 1 5
135 108254.000000 68682.398438 1 2
136 112282.000000 105289.000000 1 2
137 205794.000000 148061.000000 1 3
138 114094.000000 56513.601563 1 2
139 153232.000000 111724.000000 1 2
140 836.869995 124486.000000 1 1
141 121818.000000 106692.000000 1 2
142 200907.000000 139571.000000 1 3
143 121392.000000 117008.000000 1 2
144 30758.800781 119028.000000 1 1
145 13124.500000 86465.500000 1 1
146 174183.000000 161593.000000 1 3
147 691.919983 151311.000000 1 1
148 150822.000000 166146.000000 1 4
149 168930.000000 126584.000000 1 3
150 152291.000000 135709.000000 1 3
151 198104.000000 96930.898438 1 6
152 3957.679932 59433.601563 1 5
153 140383.000000 181500.000000 1 3
154 206936.000000 100157.000000 1 6
155 180681.000000 92886.000000 1 6
156 8877.379883 112387.000000 1 1
157 139255.000000 97014.796875 1 4
158 200661.000000 119841.000000 1 4
159 196891.000000 52604.601563 1 6
160 138496.000000 147413.000000 1 3
161 21398.400391 82673.601563 1 1
162 171217.000000 128973.000000 1 4
163 206356.000000 89965.500000 1 6
164 118071.000000 117259.000000 1 2
165 209216.000000 94707.296875 1 6
166 104482.000000 123489.000000 1 4
167 178299.000000 185017.000000 1 3
168 126058.000000 104764.000000 1 2
169 30337.199219 117674.000000 1 1
170 125661.000000 101536.000000 1 2
171 173790.000000 156209.000000 1 3
172 25561.699219 25942.400391 1 5
173 156248.000000 99222.101563 1 6
174 26059.000000 89738.898438 1 5
175 17200.400391 40426.300781 1 5
176 30096.900391 85705.500000 1 1
177 26674.800781 122869.000000 1 1
178 206873.000000 120326.000000 1 6
179 31081.599609 49988.101563 1 5
180 84753.796875 84209.898438 1 2
181 116285.000000 114113.000000 1 2
182 135990.000000 85876.101563 1 2
183 11356.000000 111267.000000 1 1
184 153688.000000 113795.000000 1 4
185 113692.000000 100912.000000 1 2
186 28829.500000 95432.898438 1 1
187 156560.000000 85997.796875 1 6
188 158367.000000 103607.000000 1 6
189 4415.129883 115754.000000 1 1
190 96453.703125 89947.101563 1 2
191 201010.000000 143079.000000 1 6
192 180015.000000 192447.000000 1 3
193 3418.379883 119554.000000 1 1
194 25977.900391 53519.398438 1 5
195 27783.699219 137220.000000 1 1
196 171089.000000 209400.000000 1 3
197 168988.000000 100897.000000 1 6
198 7127.410156 93576.898438 1 5
199 178371.000000 78559.500000 1 6
200 22938.400391 119439.000000 1 1
201 25296.199219 151928.000000 1 1
202 192005.000000 111984.000000 1 6
203 200173.000000 94130.203125 1 6
204 88794.898438 107916.000000 1 4
205 167681.000000 133406.000000 1 4
206 159115.000000 116638.000000 1 4
207 45626.800781 69312.296875 1 5
208 197903.000000 165371.000000 1 3
209 174734.000000 156312.000000 1 3
210 141165.000000 57430.000000 1 4
211 30770.300781 72974.703125 1 5
212 872.630005 155715.000000 1 1
213 110835.000000 65473.000000 1 2
214 204018.000000 101240.000000 1 6
215 123037.000000 160379.000000 1 3
216 166244.000000 79683.296875 1 6
217 56648.101563 121026.000000 1 1
218 114652.000000 124851.000000 1 4
219 15273.500000 87328.601563 1 1
220 198048.000000 121966.000000 1 4
221 95965.500000 74123.796875 1 2
222 194086.000000 80625.000000 1 6
223 171204.000000 155665.000000 1 3
224 165148.000000 149857.000000 1 4
225 154870.000000 107773.000000 1 4
226 16716.400391 63533.800781 1 5
227 129683.000000 122987.000000 1 4
228 30071.800781 103992.000000 1 1
229 136908.000000 109391.000000 1 4
230 173474.000000 157861.000000 1 3
231 207563.000000 104241.000000 1 6
232 29028.300781 94832.601563 1 5
233 173527.000000 99299.296875 1 3
234 18923.800781 140466.000000 1 1
235 145280.000000 101299.000000 1 4
236 2431.010010 116814.000000 1 1
237 169646.000000 161100.000000 1 3
238 208244.000000 84885.703125 1 6
239 164519.000000 179433.000000 1 3
240 176229.000000 185753.000000 1 3
241 183483.000000 167086.000000 1 3
242 1859.979980 101665.000000 1 5
243 193747.000000 89611.898438 1 6
244 149958.000000 108360.000000 1 4
245 165097.000000 72266.203125 1 4
246 149470.000000 152759.000000 1 4
247 178368.000000 166433.000000 1 3
248 46242.199219 105006.000000 1 5
249 18207.400391 30297.500000 1 5
250 152466.000000 68467.101563 1 2
251 20497.500000 75487.703125 1 5
252 30312.099609 112435.000000 1 1
253 175190.000000 101349.000000 1 2
254 178786.000000 168873.000000 1 3
255 173544.000000 155105.000000 1 3
256 128585.000000 124189.000000 1 2
